Tarih,TP_DIBSVADE_C2_S14,TP_DIBSVADE_C2_S14
2000-01-07,2000-1,
2000-01-14,2000-2,
2000-01-21,2000-3,
2000-01-28,2000-4,
2000-02-04,2000-5,
2000-02-11,2000-6,
2000-02-18,2000-7,
2000-02-25,2000-8,
2000-03-03,2000-9,
2000-03-10,2000-10,
2000-03-17,2000-11,
2000-03-24,2000-12,
2000-03-31,2000-13,
2000-04-07,2000-14,
2000-04-14,2000-15,
2000-04-21,2000-16,
2000-04-28,2000-17,
2000-05-05,2000-18,
2000-05-12,2000-19,
2000-05-19,2000-20,
2000-05-26,2000-21,
2000-06-02,2000-22,
2000-06-09,2000-23,
2000-06-16,2000-24,
2000-06-23,2000-25,
2000-06-30,2000-26,
2000-07-07,2000-27,
2000-07-14,2000-28,
2000-07-21,2000-29,
2000-07-28,2000-30,
2000-08-04,2000-31,
2000-08-11,2000-32,
2000-08-18,2000-33,
2000-08-25,2000-34,
2000-09-01,2000-35,
2000-09-08,2000-36,
2000-09-15,2000-37,
2000-09-22,2000-38,
2000-09-29,2000-39,
2000-10-06,2000-40,
2000-10-13,2000-41,
2000-10-20,2000-42,
2000-10-27,2000-43,
2000-11-03,2000-44,
2000-11-10,2000-45,
2000-11-17,2000-46,
2000-11-24,2000-47,
2000-12-01,2000-48,
2000-12-08,2000-49,
2000-12-15,2000-50,
2000-12-22,2000-51,
2000-12-29,2000-52,
2001-01-05,2001-1,
2001-01-12,2001-2,
2001-01-19,2001-3,
2001-01-26,2001-4,
2001-02-02,2001-5,
2001-02-09,2001-6,
2001-02-16,2001-7,
2001-02-23,2001-8,
2001-03-02,2001-9,
2001-03-09,2001-10,
2001-03-16,2001-11,
2001-03-23,2001-12,
2001-03-30,2001-13,
2001-04-06,2001-14,
2001-04-13,2001-15,
2001-04-20,2001-16,
2001-04-27,2001-17,
2001-05-04,2001-18,
2001-05-11,2001-19,
2001-05-18,2001-20,
2001-05-25,2001-21,
2001-06-01,2001-22,
2001-06-08,2001-23,
2001-06-15,2001-24,
2001-06-22,2001-25,
2001-06-29,2001-26,
2001-07-06,2001-27,
2001-07-13,2001-28,
2001-07-20,2001-29,
2001-07-27,2001-30,
2001-08-03,2001-31,
2001-08-10,2001-32,
2001-08-17,2001-33,
2001-08-24,2001-34,
2001-08-31,2001-35,
2001-09-07,2001-36,
2001-09-14,2001-37,
2001-09-21,2001-38,
2001-09-28,2001-39,
2001-10-05,2001-40,
2001-10-12,2001-41,
2001-10-19,2001-42,
2001-10-26,2001-43,
2001-11-02,2001-44,
2001-11-09,2001-45,
2001-11-16,2001-46,
2001-11-23,2001-47,
2001-11-30,2001-48,
2001-12-07,2001-49,
2001-12-14,2001-50,
2001-12-21,2001-51,
2001-12-28,2001-52,
2002-01-04,2002-1,
2002-01-11,2002-2,
2002-01-18,2002-3,
2002-01-25,2002-4,
2002-02-01,2002-5,
2002-02-08,2002-6,
2002-02-15,2002-7,
2002-02-22,2002-8,
2002-03-01,2002-9,
2002-03-08,2002-10,
2002-03-15,2002-11,
2002-03-22,2002-12,
2002-03-29,2002-13,
2002-04-05,2002-14,
2002-04-12,2002-15,
2002-04-19,2002-16,
2002-04-26,2002-17,
2002-05-03,2002-18,
2002-05-10,2002-19,
2002-05-17,2002-20,
2002-05-24,2002-21,
2002-05-31,2002-22,
2002-06-07,2002-23,
2002-06-14,2002-24,
2002-06-21,2002-25,
2002-06-28,2002-26,
2002-07-05,2002-27,
2002-07-12,2002-28,
2002-07-19,2002-29,
2002-07-26,2002-30,
2002-08-02,2002-31,
2002-08-09,2002-32,
2002-08-16,2002-33,
2002-08-23,2002-34,
2002-08-30,2002-35,
2002-09-06,2002-36,
2002-09-13,2002-37,
2002-09-20,2002-38,
2002-09-27,2002-39,
2002-10-04,2002-40,
2002-10-11,2002-41,
2002-10-18,2002-42,
2002-10-25,2002-43,
2002-11-01,2002-44,
2002-11-08,2002-45,
2002-11-15,2002-46,
2002-11-22,2002-47,
2002-11-29,2002-48,
2002-12-06,2002-49,
2002-12-13,2002-50,
2002-12-20,2002-51,
2002-12-27,2002-52,
2003-01-03,2003-1,
2003-01-10,2003-2,
2003-01-17,2003-3,
2003-01-24,2003-4,
2003-01-31,2003-5,
2003-02-07,2003-6,
2003-02-14,2003-7,
2003-02-21,2003-8,
2003-02-28,2003-9,
2003-03-07,2003-10,
2003-03-14,2003-11,
2003-03-21,2003-12,
2003-03-28,2003-13,
2003-04-04,2003-14,
2003-04-11,2003-15,
2003-04-18,2003-16,
2003-04-25,2003-17,
2003-05-02,2003-18,
2003-05-09,2003-19,
2003-05-16,2003-20,
2003-05-23,2003-21,
2003-05-30,2003-22,
2003-06-06,2003-23,
2003-06-13,2003-24,
2003-06-20,2003-25,
2003-06-27,2003-26,
2003-07-04,2003-27,
2003-07-11,2003-28,
2003-07-18,2003-29,
2003-07-25,2003-30,
2003-08-01,2003-31,
2003-08-08,2003-32,
2003-08-15,2003-33,
2003-08-22,2003-34,
2003-08-29,2003-35,
2003-09-05,2003-36,
2003-09-12,2003-37,
2003-09-19,2003-38,
2003-09-26,2003-39,
2003-10-03,2003-40,
2003-10-10,2003-41,
2003-10-17,2003-42,
2003-10-24,2003-43,
2003-10-31,2003-44,
2003-11-07,2003-45,
2003-11-14,2003-46,
2003-11-21,2003-47,
2003-11-28,2003-48,
2003-12-05,2003-49,
2003-12-12,2003-50,
2003-12-19,2003-51,
2003-12-26,2003-52,
2004-01-02,2004-1,
2004-01-09,2004-2,
2004-01-16,2004-3,
2004-01-23,2004-4,
2004-01-30,2004-5,
2004-02-06,2004-6,
2004-02-13,2004-7,
2004-02-20,2004-8,
2004-02-27,2004-9,
2004-03-05,2004-10,
2004-03-12,2004-11,
2004-03-19,2004-12,
2004-03-26,2004-13,
2004-04-02,2004-14,
2004-04-09,2004-15,
2004-04-16,2004-16,
2004-04-23,2004-17,
2004-04-30,2004-18,
2004-05-07,2004-19,
2004-05-14,2004-20,
2004-05-21,2004-21,
2004-05-28,2004-22,
2004-06-04,2004-23,
2004-06-11,2004-24,
2004-06-18,2004-25,
2004-06-25,2004-26,
2004-07-02,2004-27,
2004-07-09,2004-28,
2004-07-16,2004-29,
2004-07-23,2004-30,
2004-07-30,2004-31,
2004-08-06,2004-32,
2004-08-13,2004-33,
2004-08-20,2004-34,
2004-08-27,2004-35,
2004-09-03,2004-36,
2004-09-10,2004-37,
2004-09-17,2004-38,
2004-09-24,2004-39,
2004-10-01,2004-40,
2004-10-08,2004-41,
2004-10-15,2004-42,
2004-10-22,2004-43,
2004-10-29,2004-44,
2004-11-05,2004-45,
2004-11-12,2004-46,
2004-11-19,2004-47,
2004-11-26,2004-48,
2004-12-03,2004-49,
2004-12-10,2004-50,
2004-12-17,2004-51,
2004-12-24,2004-52,
2004-12-31,2004-53,
2005-01-07,2005-1,
2005-01-14,2005-2,
2005-01-21,2005-3,
2005-01-28,2005-4,
2005-02-04,2005-5,
2005-02-11,2005-6,
2005-02-18,2005-7,
2005-02-25,2005-8,
2005-03-04,2005-9,
2005-03-11,2005-10,
2005-03-18,2005-11,
2005-03-25,2005-12,
2005-04-01,2005-13,
2005-04-08,2005-14,
2005-04-15,2005-15,
2005-04-22,2005-16,
2005-04-29,2005-17,
2005-05-06,2005-18,
2005-05-13,2005-19,
2005-05-20,2005-20,
2005-05-27,2005-21,
2005-06-03,2005-22,
2005-06-10,2005-23,
2005-06-17,2005-24,
2005-06-24,2005-25,
2005-07-01,2005-26,
2005-07-08,2005-27,
2005-07-15,2005-28,
2005-07-22,2005-29,
2005-07-29,2005-30,
2005-08-05,2005-31,
2005-08-12,2005-32,
2005-08-19,2005-33,
2005-08-26,2005-34,
2005-09-02,2005-35,
2005-09-09,2005-36,
2005-09-16,2005-37,
2005-09-23,2005-38,
2005-09-30,2005-39,
2005-10-07,2005-40,
2005-10-14,2005-41,
2005-10-21,2005-42,
2005-10-28,2005-43,
2005-11-04,2005-44,
2005-11-11,2005-45,
2005-11-18,2005-46,
2005-11-25,2005-47,
2005-12-02,2005-48,
2005-12-09,2005-49,
2005-12-16,2005-50,
2005-12-23,2005-51,
2005-12-30,2005-52,
2006-01-06,2006-1,
2006-01-13,2006-2,
2006-01-20,2006-3,
2006-01-27,2006-4,
2006-02-03,2006-5,
2006-02-10,2006-6,
2006-02-17,2006-7,
2006-02-24,2006-8,
2006-03-03,2006-9,
2006-03-10,2006-10,
2006-03-17,2006-11,
2006-03-24,2006-12,
2006-03-31,2006-13,
2006-04-07,2006-14,
2006-04-14,2006-15,
2006-04-21,2006-16,
2006-04-28,2006-17,
2006-05-05,2006-18,
2006-05-12,2006-19,
2006-05-19,2006-20,
2006-05-26,2006-21,
2006-06-02,2006-22,
2006-06-09,2006-23,
2006-06-16,2006-24,
2006-06-23,2006-25,
2006-06-30,2006-26,
2006-07-07,2006-27,
2006-07-14,2006-28,
2006-07-21,2006-29,
2006-07-28,2006-30,
2006-08-04,2006-31,
2006-08-11,2006-32,
2006-08-18,2006-33,
2006-08-25,2006-34,
2006-09-01,2006-35,
2006-09-08,2006-36,
2006-09-15,2006-37,
2006-09-22,2006-38,
2006-09-29,2006-39,
2006-10-06,2006-40,
2006-10-13,2006-41,
2006-10-20,2006-42,
2006-10-27,2006-43,
2006-11-03,2006-44,
2006-11-10,2006-45,
2006-11-17,2006-46,
2006-11-24,2006-47,
2006-12-01,2006-48,
2006-12-08,2006-49,
2006-12-15,2006-50,
2006-12-22,2006-51,
2006-12-29,2006-52,
2007-01-05,2007-1,
2007-01-12,2007-2,
2007-01-19,2007-3,
2007-01-26,2007-4,
2007-02-02,2007-5,
2007-02-09,2007-6,
2007-02-16,2007-7,
2007-02-23,2007-8,
2007-03-02,2007-9,
2007-03-09,2007-10,
2007-03-16,2007-11,
2007-03-23,2007-12,
2007-03-30,2007-13,
2007-04-06,2007-14,
2007-04-13,2007-15,
2007-04-20,2007-16,
2007-04-27,2007-17,
2007-05-04,2007-18,
2007-05-11,2007-19,
2007-05-18,2007-20,
2007-05-25,2007-21,
2007-06-01,2007-22,
2007-06-08,2007-23,
2007-06-15,2007-24,
2007-06-22,2007-25,
2007-06-29,2007-26,
2007-07-06,2007-27,
2007-07-13,2007-28,
2007-07-20,2007-29,
2007-07-27,2007-30,
2007-08-03,2007-31,
2007-08-10,2007-32,
2007-08-17,2007-33,
2007-08-24,2007-34,
2007-08-31,2007-35,
2007-09-07,2007-36,
2007-09-14,2007-37,
2007-09-21,2007-38,
2007-09-28,2007-39,
2007-10-05,2007-40,
2007-10-12,2007-41,
2007-10-19,2007-42,
2007-10-26,2007-43,
2007-11-02,2007-44,
2007-11-09,2007-45,
2007-11-16,2007-46,
2007-11-23,2007-47,
2007-11-30,2007-48,
2007-12-07,2007-49,
2007-12-14,2007-50,
2007-12-21,2007-51,
2007-12-28,2007-52,
2008-01-04,2008-1,
2008-01-11,2008-2,
2008-01-18,2008-3,
2008-01-25,2008-4,
2008-02-01,2008-5,
2008-02-08,2008-6,
2008-02-15,2008-7,
2008-02-22,2008-8,
2008-02-29,2008-9,
2008-03-07,2008-10,
2008-03-14,2008-11,
2008-03-21,2008-12,
2008-03-28,2008-13,
2008-04-04,2008-14,
2008-04-11,2008-15,
2008-04-18,2008-16,
2008-04-25,2008-17,
2008-05-02,2008-18,
2008-05-09,2008-19,
2008-05-16,2008-20,
2008-05-23,2008-21,
2008-05-30,2008-22,
2008-06-06,2008-23,
2008-06-13,2008-24,
2008-06-20,2008-25,
2008-06-27,2008-26,
2008-07-04,2008-27,
2008-07-11,2008-28,
2008-07-18,2008-29,
2008-07-25,2008-30,
2008-08-01,2008-31,
2008-08-08,2008-32,
2008-08-15,2008-33,
2008-08-22,2008-34,
2008-08-29,2008-35,
2008-09-05,2008-36,
2008-09-12,2008-37,
2008-09-19,2008-38,
2008-09-26,2008-39,
2008-10-03,2008-40,
2008-10-10,2008-41,
2008-10-17,2008-42,
2008-10-24,2008-43,
2008-10-31,2008-44,
2008-11-07,2008-45,
2008-11-14,2008-46,
2008-11-21,2008-47,
2008-11-28,2008-48,
2008-12-05,2008-49,
2008-12-12,2008-50,
2008-12-19,2008-51,
2008-12-26,2008-52,
2009-01-02,2009-1,
2009-01-09,2009-2,
2009-01-16,2009-3,
2009-01-23,2009-4,
2009-01-30,2009-5,
2009-02-06,2009-6,
2009-02-13,2009-7,
2009-02-20,2009-8,
2009-02-27,2009-9,
2009-03-06,2009-10,
2009-03-13,2009-11,
2009-03-20,2009-12,
2009-03-27,2009-13,
2009-04-03,2009-14,
2009-04-10,2009-15,
2009-04-17,2009-16,
2009-04-24,2009-17,
2009-05-01,2009-18,
2009-05-08,2009-19,
2009-05-15,2009-20,
2009-05-22,2009-21,
2009-05-29,2009-22,
2009-06-05,2009-23,
2009-06-12,2009-24,
2009-06-19,2009-25,
2009-06-26,2009-26,
2009-07-03,2009-27,
2009-07-10,2009-28,
2009-07-17,2009-29,
2009-07-24,2009-30,
2009-07-31,2009-31,
2009-08-07,2009-32,
2009-08-14,2009-33,
2009-08-21,2009-34,
2009-08-28,2009-35,
2009-09-04,2009-36,
2009-09-11,2009-37,
2009-09-18,2009-38,
2009-09-25,2009-39,
2009-10-02,2009-40,
2009-10-09,2009-41,
2009-10-16,2009-42,
2009-10-23,2009-43,
2009-10-30,2009-44,
2009-11-06,2009-45,
2009-11-13,2009-46,
2009-11-20,2009-47,
2009-11-27,2009-48,
2009-12-04,2009-49,
2009-12-11,2009-50,
2009-12-18,2009-51,
2009-12-25,2009-52,
2010-01-01,2010-1,
2010-01-08,2010-2,
2010-01-15,2010-3,
2010-01-22,2010-4,
2010-01-29,2010-5,
2010-02-05,2010-6,
2010-02-12,2010-7,
2010-02-19,2010-8,
2010-02-26,2010-9,
2010-03-05,2010-10,
2010-03-12,2010-11,
2010-03-19,2010-12,
2010-03-26,2010-13,
2010-04-02,2010-14,
2010-04-09,2010-15,
2010-04-16,2010-16,
2010-04-23,2010-17,
2010-04-30,2010-18,
2010-05-07,2010-19,
2010-05-14,2010-20,
2010-05-21,2010-21,
2010-05-28,2010-22,
2010-06-04,2010-23,
2010-06-11,2010-24,
2010-06-18,2010-25,
2010-06-25,2010-26,
2010-07-02,2010-27,
2010-07-09,2010-28,
2010-07-16,2010-29,
2010-07-23,2010-30,
2010-07-30,2010-31,
2010-08-06,2010-32,
2010-08-13,2010-33,
2010-08-20,2010-34,
2010-08-27,2010-35,
2010-09-03,2010-36,
2010-09-10,2010-37,
2010-09-17,2010-38,
2010-09-24,2010-39,
2010-10-01,2010-40,
2010-10-08,2010-41,
2010-10-15,2010-42,
2010-10-22,2010-43,
2010-10-29,2010-44,
2010-11-05,2010-45,
2010-11-12,2010-46,
2010-11-19,2010-47,
2010-11-26,2010-48,
2010-12-03,2010-49,
2010-12-10,2010-50,
2010-12-17,2010-51,
2010-12-24,2010-52,
2010-12-31,2010-53,
2011-01-07,2011-1,
2011-01-14,2011-2,
2011-01-21,2011-3,
2011-01-28,2011-4,
2011-02-04,2011-5,
2011-02-11,2011-6,
2011-02-18,2011-7,
2011-02-25,2011-8,
2011-03-04,2011-9,
2011-03-11,2011-10,
2011-03-18,2011-11,
2011-03-25,2011-12,
2011-04-01,2011-13,
2011-04-08,2011-14,
2011-04-15,2011-15,
2011-04-22,2011-16,
2011-04-29,2011-17,
2011-05-06,2011-18,
2011-05-13,2011-19,
2011-05-20,2011-20,
2011-05-27,2011-21,
2011-06-03,2011-22,
2011-06-10,2011-23,
2011-06-17,2011-24,
2011-06-24,2011-25,
2011-07-01,2011-26,
2011-07-08,2011-27,
2011-07-15,2011-28,
2011-07-22,2011-29,
2011-07-29,2011-30,
2011-08-05,2011-31,
2011-08-12,2011-32,
2011-08-19,2011-33,
2011-08-26,2011-34,
2011-09-02,2011-35,
2011-09-09,2011-36,
2011-09-16,2011-37,
2011-09-23,2011-38,
2011-09-30,2011-39,
2011-10-07,2011-40,
2011-10-14,2011-41,
2011-10-21,2011-42,
2011-10-28,2011-43,
2011-11-04,2011-44,
2011-11-11,2011-45,
2011-11-18,2011-46,
2011-11-25,2011-47,
2011-12-02,2011-48,
2011-12-09,2011-49,
2011-12-16,2011-50,
2011-12-23,2011-51,
2011-12-30,2011-52,
2012-01-06,2012-1,
2012-01-13,2012-2,
2012-01-20,2012-3,
2012-01-27,2012-4,
2012-02-03,2012-5,
2012-02-10,2012-6,
2012-02-17,2012-7,
2012-02-24,2012-8,
2012-03-02,2012-9,
2012-03-09,2012-10,
2012-03-16,2012-11,
2012-03-23,2012-12,
2012-03-30,2012-13,
2012-04-06,2012-14,
2012-04-13,2012-15,
2012-04-20,2012-16,
2012-04-27,2012-17,
2012-05-04,2012-18,
2012-05-11,2012-19,
2012-05-18,2012-20,
2012-05-25,2012-21,
2012-06-01,2012-22,
2012-06-08,2012-23,
2012-06-15,2012-24,
2012-06-22,2012-25,
2012-06-29,2012-26,
2012-07-06,2012-27,
2012-07-13,2012-28,
2012-07-20,2012-29,
2012-07-27,2012-30,
2012-08-03,2012-31,
2012-08-10,2012-32,
2012-08-17,2012-33,
2012-08-24,2012-34,
2012-08-31,2012-35,
2012-09-07,2012-36,
2012-09-14,2012-37,
2012-09-21,2012-38,
2012-09-28,2012-39,
2012-10-05,2012-40,
2012-10-12,2012-41,
2012-10-19,2012-42,
2012-10-26,2012-43,
2012-11-02,2012-44,
2012-11-09,2012-45,
2012-11-16,2012-46,
2012-11-23,2012-47,
2012-11-30,2012-48,
2012-12-07,2012-49,
2012-12-14,2012-50,
2012-12-21,2012-51,
2012-12-28,2012-52,
2013-01-04,2013-1,
2013-01-11,2013-2,
2013-01-18,2013-3,
2013-01-25,2013-4,
2013-02-01,2013-5,
2013-02-08,2013-6,
2013-02-15,2013-7,
2013-02-22,2013-8,
2013-03-01,2013-9,
2013-03-08,2013-10,
2013-03-15,2013-11,
2013-03-22,2013-12,
2013-03-29,2013-13,
2013-04-05,2013-14,
2013-04-12,2013-15,
2013-04-19,2013-16,
2013-04-26,2013-17,
2013-05-03,2013-18,
2013-05-10,2013-19,
2013-05-17,2013-20,
2013-05-24,2013-21,
2013-05-31,2013-22,
2013-06-07,2013-23,
2013-06-14,2013-24,
2013-06-21,2013-25,
2013-06-28,2013-26,
2013-07-05,2013-27,
2013-07-12,2013-28,
2013-07-19,2013-29,
2013-07-26,2013-30,
2013-08-02,2013-31,
2013-08-09,2013-32,
2013-08-16,2013-33,
2013-08-23,2013-34,
2013-08-30,2013-35,
2013-09-06,2013-36,
2013-09-13,2013-37,
2013-09-20,2013-38,
2013-09-27,2013-39,
2013-10-04,2013-40,
2013-10-11,2013-41,
2013-10-18,2013-42,
2013-10-25,2013-43,
2013-11-01,2013-44,
2013-11-08,2013-45,
2013-11-15,2013-46,
2013-11-22,2013-47,
2013-11-29,2013-48,
2013-12-06,2013-49,
2013-12-13,2013-50,
2013-12-20,2013-51,
2013-12-27,2013-52,
2014-01-03,2014-1,
2014-01-10,2014-2,
2014-01-17,2014-3,
2014-01-24,2014-4,
2014-01-31,2014-5,
2014-02-07,2014-6,
2014-02-14,2014-7,
2014-02-21,2014-8,
2014-02-28,2014-9,
2014-03-07,2014-10,
2014-03-14,2014-11,
2014-03-21,2014-12,
2014-03-28,2014-13,
2014-04-04,2014-14,
2014-04-11,2014-15,
2014-04-18,2014-16,
2014-04-25,2014-17,
2014-05-02,2014-18,
2014-05-09,2014-19,
2014-05-16,2014-20,
2014-05-23,2014-21,
2014-05-30,2014-22,
2014-06-06,2014-23,
2014-06-13,2014-24,
2014-06-20,2014-25,
2014-06-27,2014-26,
2014-07-04,2014-27,
2014-07-11,2014-28,
2014-07-18,2014-29,
2014-07-25,2014-30,
2014-08-01,2014-31,
2014-08-08,2014-32,
2014-08-15,2014-33,
2014-08-22,2014-34,
2014-08-29,2014-35,
2014-09-05,2014-36,
2014-09-12,2014-37,
2014-09-19,2014-38,
2014-09-26,2014-39,
2014-10-03,2014-40,
2014-10-10,2014-41,
2014-10-17,2014-42,
2014-10-24,2014-43,
2014-10-31,2014-44,
2014-11-07,2014-45,
2014-11-14,2014-46,
2014-11-21,2014-47,
2014-11-28,2014-48,
2014-12-05,2014-49,
2014-12-12,2014-50,
2014-12-19,2014-51,
2014-12-26,2014-52,
2015-01-02,2015-1,
2015-01-09,2015-2,
2015-01-16,2015-3,
2015-01-23,2015-4,
2015-01-30,2015-5,
2015-02-06,2015-6,
2015-02-13,2015-7,
2015-02-20,2015-8,
2015-02-27,2015-9,
2015-03-06,2015-10,
2015-03-13,2015-11,
2015-03-20,2015-12,
2015-03-27,2015-13,
2015-04-03,2015-14,
2015-04-10,2015-15,
2015-04-17,2015-16,
2015-04-24,2015-17,
2015-05-01,2015-18,
2015-05-08,2015-19,
2015-05-15,2015-20,
2015-05-22,2015-21,
2015-05-29,2015-22,
2015-06-05,2015-23,
2015-06-12,2015-24,
2015-06-19,2015-25,
2015-06-26,2015-26,
2015-07-03,2015-27,
2015-07-10,2015-28,
2015-07-17,2015-29,
2015-07-24,2015-30,
2015-07-31,2015-31,
2015-08-07,2015-32,
2015-08-14,2015-33,
2015-08-21,2015-34,
2015-08-28,2015-35,
2015-09-04,2015-36,
2015-09-11,2015-37,
2015-09-18,2015-38,
2015-09-25,2015-39,
2015-10-02,2015-40,
2015-10-09,2015-41,
2015-10-16,2015-42,
2015-10-23,2015-43,
2015-10-30,2015-44,
2015-11-06,2015-45,
2015-11-13,2015-46,
2015-11-20,2015-47,
2015-11-27,2015-48,
2015-12-04,2015-49,
2015-12-11,2015-50,
2015-12-18,2015-51,
2015-12-25,2015-52,
2016-01-01,2016-1,
2016-01-08,2016-2,
2016-01-15,2016-3,
2016-01-22,2016-4,
2016-01-29,2016-5,
2016-02-05,2016-6,
2016-02-12,2016-7,
2016-02-19,2016-8,
2016-02-26,2016-9,
2016-03-04,2016-10,
2016-03-11,2016-11,
2016-03-18,2016-12,
2016-03-25,2016-13,
2016-04-01,2016-14,
2016-04-08,2016-15,
2016-04-15,2016-16,
2016-04-22,2016-17,
2016-04-29,2016-18,
2016-05-06,2016-19,
2016-05-13,2016-20,
2016-05-20,2016-21,
2016-05-27,2016-22,
2016-06-03,2016-23,
2016-06-10,2016-24,
2016-06-17,2016-25,
2016-06-24,2016-26,
2016-07-01,2016-27,
2016-07-08,2016-28,
2016-07-15,2016-29,
2016-07-22,2016-30,
2016-07-29,2016-31,
2016-08-05,2016-32,
2016-08-12,2016-33,
2016-08-19,2016-34,
2016-08-26,2016-35,
2016-09-02,2016-36,
2016-09-09,2016-37,
2016-09-16,2016-38,
2016-09-23,2016-39,
2016-09-30,2016-40,
2016-10-07,2016-41,
2016-10-14,2016-42,
2016-10-21,2016-43,
2016-10-28,2016-44,
2016-11-04,2016-45,
2016-11-11,2016-46,
2016-11-18,2016-47,
2016-11-25,2016-48,
2016-12-02,2016-49,
2016-12-09,2016-50,
2016-12-16,2016-51,
2016-12-23,2016-52,
2016-12-30,2016-53,
2017-01-06,2017-1,
2017-01-13,2017-2,
2017-01-20,2017-3,
2017-01-27,2017-4,
2017-02-03,2017-5,
2017-02-10,2017-6,
2017-02-17,2017-7,
2017-02-24,2017-8,
2017-03-03,2017-9,
2017-03-10,2017-10,
2017-03-17,2017-11,
2017-03-24,2017-12,
2017-03-31,2017-13,
2017-04-07,2017-14,
2017-04-14,2017-15,
2017-04-21,2017-16,
2017-04-28,2017-17,
2017-05-05,2017-18,
2017-05-12,2017-19,
2017-05-19,2017-20,
2017-05-26,2017-21,
2017-06-02,2017-22,
2017-06-09,2017-23,
2017-06-16,2017-24,
2017-06-23,2017-25,
2017-06-30,2017-26,
2017-07-07,2017-27,
2017-07-14,2017-28,
2017-07-21,2017-29,
2017-07-28,2017-30,
2017-08-04,2017-31,
2017-08-11,2017-32,
2017-08-18,2017-33,
2017-08-25,2017-34,
2017-09-01,2017-35,
2017-09-08,2017-36,
2017-09-15,2017-37,
2017-09-22,2017-38,
2017-09-29,2017-39,
2017-10-06,2017-40,
2017-10-13,2017-41,
2017-10-20,2017-42,
2017-10-27,2017-43,
2017-11-03,2017-44,
2017-11-10,2017-45,
2017-11-17,2017-46,
2017-11-24,2017-47,
2017-12-01,2017-48,
2017-12-08,2017-49,
2017-12-15,2017-50,
2017-12-22,2017-51,
2017-12-29,2017-52,
2018-01-05,2018-1,
2018-01-12,2018-2,
2018-01-19,2018-3,
2018-01-26,2018-4,
2018-02-02,2018-5,
2018-02-09,2018-6,
2018-02-16,2018-7,
2018-02-23,2018-8,
2018-03-02,2018-9,
2018-03-09,2018-10,
2018-03-16,2018-11,
2018-03-23,2018-12,
2018-03-30,2018-13,
2018-04-06,2018-14,
2018-04-13,2018-15,
2018-04-20,2018-16,
2018-04-27,2018-17,
2018-05-04,2018-18,
2018-05-11,2018-19,
2018-05-18,2018-20,
2018-05-25,2018-21,
2018-06-01,2018-22,
2018-06-08,2018-23,
2018-06-15,2018-24,
2018-06-22,2018-25,
2018-06-29,2018-26,
2018-07-06,2018-27,
2018-07-13,2018-28,
2018-07-20,2018-29,
2018-07-27,2018-30,
2018-08-03,2018-31,
2018-08-10,2018-32,
2018-08-17,2018-33,
2018-08-24,2018-34,
2018-08-31,2018-35,
2018-09-07,2018-36,
2018-09-14,2018-37,
2018-09-21,2018-38,
2018-09-28,2018-39,
2018-10-05,2018-40,
2018-10-12,2018-41,
2018-10-19,2018-42,
2018-10-26,2018-43,
2018-11-02,2018-44,
2018-11-09,2018-45,
2018-11-16,2018-46,
2018-11-23,2018-47,
2018-11-30,2018-48,
2018-12-07,2018-49,
2018-12-14,2018-50,
2018-12-21,2018-51,
2018-12-28,2018-52,
2019-01-04,2019-1,
2019-01-11,2019-2,
2019-01-18,2019-3,
2019-01-25,2019-4,
2019-02-01,2019-5,
2019-02-08,2019-6,
2019-02-15,2019-7,
2019-02-22,2019-8,
2019-03-01,2019-9,
2019-03-08,2019-10,
2019-03-15,2019-11,
2019-03-22,2019-12,
2019-03-29,2019-13,
2019-04-05,2019-14,
2019-04-12,2019-15,
2019-04-19,2019-16,
2019-04-26,2019-17,
2019-05-03,2019-18,
2019-05-10,2019-19,
2019-05-17,2019-20,
2019-05-24,2019-21,
2019-05-31,2019-22,
2019-06-07,2019-23,
2019-06-14,2019-24,
2019-06-21,2019-25,
2019-06-28,2019-26,
2019-07-05,2019-27,
2019-07-12,2019-28,
2019-07-19,2019-29,
2019-07-26,2019-30,
2019-08-02,2019-31,
2019-08-09,2019-32,
2019-08-16,2019-33,
2019-08-23,2019-34,
2019-08-30,2019-35,
2019-09-06,2019-36,
2019-09-13,2019-37,
2019-09-20,2019-38,
2019-09-27,2019-39,
2019-10-04,2019-40,
2019-10-11,2019-41,
2019-10-18,2019-42,
2019-10-25,2019-43,
2019-11-01,2019-44,
2019-11-08,2019-45,
2019-11-15,2019-46,
2019-11-22,2019-47,
2019-11-29,2019-48,
2019-12-06,2019-49,
2019-12-13,2019-50,
2019-12-20,2019-51,
2019-12-27,2019-52,
2020-01-03,2020-1,
2020-01-10,2020-2,
2020-01-17,2020-3,
2020-01-24,2020-4,
2020-01-31,2020-5,
2020-02-07,2020-6,
2020-02-14,2020-7,
2020-02-21,2020-8,
2020-02-28,2020-9,
2020-03-06,2020-10,
2020-03-13,2020-11,
2020-03-20,2020-12,
2020-03-27,2020-13,
2020-04-03,2020-14,
2020-04-10,2020-15,
2020-04-17,2020-16,
2020-04-24,2020-17,
2020-05-01,2020-18,
2020-05-08,2020-19,
2020-05-15,2020-20,
2020-05-22,2020-21,
2020-05-29,2020-22,
2020-06-05,2020-23,
2020-06-12,2020-24,
2020-06-19,2020-25,
2020-06-26,2020-26,
2020-07-03,2020-27,
2020-07-10,2020-28,
2020-07-17,2020-29,
2020-07-24,2020-30,
2020-07-31,2020-31,
2020-08-07,2020-32,
2020-08-14,2020-33,
2020-08-21,2020-34,
2020-08-28,2020-35,
2020-09-04,2020-36,
2020-09-11,2020-37,4973.26
2020-09-18,2020-38,4368.47
2020-09-25,2020-39,4339.36
2020-10-02,2020-40,4310.07
2020-10-09,2020-41,3761.25
2020-10-16,2020-42,3733.12
2020-10-23,2020-43,3664.66
2020-10-30,2020-44,3698.16
2020-11-06,2020-45,3857.89
2020-11-13,2020-46,3596.52
2020-11-20,2020-47,3578.68
2020-11-27,2020-48,3652.13
2020-12-04,2020-49,3677.59
2020-12-11,2020-50,3685.15
2020-12-18,2020-51,3521.48
2020-12-25,2020-52,3501.92
2021-01-01,2021-1,3372.1
2021-01-08,2021-2,3330.89
2021-01-15,2021-3,2292.52
2021-01-22,2021-4,2359.87
2021-01-29,2021-5,2283.92
2021-02-05,2021-6,2240.58
2021-02-12,2021-7,2332.03
2021-02-19,2021-8,2337.98
2021-02-26,2021-9,2414.38
2021-03-05,2021-10,2487.29
2021-03-12,2021-11,2513.87
2021-03-19,2021-12,2546.92
2021-03-26,2021-13,2801.47
2021-04-02,2021-14,2942.7
2021-04-09,2021-15,3023.1
2021-04-16,2021-16,2812.63
2021-04-23,2021-17,2798.97
2021-04-30,2021-18,2833.71
2021-05-07,2021-19,3000.97
2021-05-14,2021-20,3064.97
2021-05-21,2021-21,3248.82
2021-05-28,2021-22,4473.7
2021-06-04,2021-23,4846.82
2021-06-11,2021-24,4698.4
2021-06-18,2021-25,4671.0
2021-06-25,2021-26,4741.85
2021-07-02,2021-27,4782.31
2021-07-09,2021-28,4928.38
2021-07-16,2021-29,7894.76
2021-07-23,2021-30,7822.2
2021-07-30,2021-31,8278.91
2021-08-06,2021-32,8621.63
2021-08-13,2021-33,8816.21
2021-08-20,2021-34,8881.68
2021-08-27,2021-35,8899.79
2021-09-03,2021-36,8942.39
2021-09-10,2021-37,9268.4
2021-09-17,2021-38,9303.88
2021-09-24,2021-39,9415.95
2021-10-01,2021-40,9806.23
2021-10-08,2021-41,9989.07
2021-10-15,2021-42,10282.06
2021-10-22,2021-43,10401.71
2021-10-29,2021-44,10584.5
2021-11-05,2021-45,10871.03
2021-11-12,2021-46,11270.14
2021-11-19,2021-47,12119.55
2021-11-26,2021-48,13374.89
2021-12-03,2021-49,14908.63
2021-12-10,2021-50,15383.43
2021-12-17,2021-51,15594.61
2021-12-24,2021-52,12144.78
2021-12-31,2021-53,13520.46
2022-01-07,2022-1,14409.85
2022-01-14,2022-2,14215.44
2022-01-21,2022-3,14139.26
2022-01-28,2022-4,14323.59
2022-02-04,2022-5,14377.16
2022-02-11,2022-6,14454.74
2022-02-18,2022-7,14689.59
2022-02-25,2022-8,14869.5
2022-03-04,2022-9,14853.67
2022-03-11,2022-10,15532.19
2022-03-18,2022-11,15543.2
2022-03-25,2022-12,15789.1
2022-04-01,2022-13,15793.64
2022-04-08,2022-14,15865.62
2022-04-15,2022-15,15691.8
2022-04-22,2022-16,15829.39
2022-04-29,2022-17,15863.71
2022-05-06,2022-18,15919.83
2022-05-13,2022-19,16291.61
2022-05-20,2022-20,16839.59
2022-05-27,2022-21,17308.02
2022-06-03,2022-22,17482.41
2022-06-10,2022-23,18075.33
2022-06-17,2022-24,17712.77
2022-06-24,2022-25,17967.66
2022-07-01,2022-26,17281.36
2022-07-08,2022-27,17717.91
2022-07-15,2022-28,17768.14
2022-07-22,2022-29,17782.58
2022-07-29,2022-30,18049.55
2022-08-05,2022-31,18112.97
2022-08-12,2022-32,17942.64
2022-08-19,2022-33,17960.78
2022-08-26,2022-34,18046.72
2022-09-02,2022-35,18102.6
2022-09-09,2022-36,18158.2
2022-09-16,2022-37,18236.62
2022-09-23,2022-38,18489.24
2022-09-30,2022-39,18383.72
2022-10-07,2022-40,18558.35
2022-10-14,2022-41,18479.38
2022-10-21,2022-42,18486.24
2022-10-28,2022-43,18667.67
2022-11-04,2022-44,18599.32
2022-11-11,2022-45,18729.16
2022-11-18,2022-46,19125.54
2022-11-25,2022-47,19369.07
2022-12-02,2022-48,19403.28
2022-12-09,2022-49,19188.84
2022-12-16,2022-50,19467.83
2022-12-23,2022-51,19460.11
2022-12-30,2022-52,20444.66
2023-01-06,2023-1,19451.58
2023-01-13,2023-2,20462.36
2023-01-20,2023-3,22917.4
2023-01-27,2023-4,25681.39
2023-02-03,2023-5,28259.82
2023-02-10,2023-6,30720.3
2023-02-17,2023-7,32313.78
2023-02-24,2023-8,34100.06
2023-03-03,2023-9,34066.69
2023-03-10,2023-10,34808.56
2023-03-17,2023-11,36245.63
2023-03-24,2023-12,36589.77
2023-03-31,2023-13,37659.0
2023-04-07,2023-14,38239.86
2023-04-14,2023-15,38533.86
2023-04-21,2023-16,38107.7
2023-04-28,2023-17,39174.05
2023-05-05,2023-18,40177.39
2023-05-12,2023-19,40254.67
2023-05-19,2023-20,40634.15
2023-05-26,2023-21,39114.84
2023-06-02,2023-22,43195.73
2023-06-09,2023-23,50908.28
2023-06-16,2023-24,52487.25
2023-06-23,2023-25,52251.08
2023-06-30,2023-26,57840.35
2023-07-07,2023-27,57388.08
2023-07-14,2023-28,43116.6
2023-07-21,2023-29,43484.51
2023-07-28,2023-30,44616.11
2023-08-04,2023-31,44762.65
2023-08-11,2023-32,43499.73
2023-08-18,2023-33,43816.18
2023-08-25,2023-34,25994.36
2023-09-01,2023-35,28482.65
2023-09-08,2023-36,29136.03
2023-09-15,2023-37,29806.95
2023-09-22,2023-38,30243.28
2023-09-29,2023-39,30624.85
2023-10-06,2023-40,31087.3
2023-10-13,2023-41,31560.08
2023-10-20,2023-42,32181.03
2023-10-27,2023-43,32396.6
2023-11-03,2023-44,32905.41
2023-11-10,2023-45,33337.35
2023-11-17,2023-46,33906.15
2023-11-24,2023-47,34052.43
2023-12-01,2023-48,34341.33
2023-12-08,2023-49,34400.25
2023-12-15,2023-50,34700.47
2023-12-22,2023-51,35230.96
2023-12-29,2023-52,36138.06
2024-01-05,2024-1,36650.31
2024-01-12,2024-2,37014.69
2024-01-19,2024-3,36959.65
2024-01-26,2024-4,36971.8
2024-02-02,2024-5,29335.47
2024-02-09,2024-6,32511.17
2024-02-16,2024-7,34162.29
2024-02-23,2024-8,35598.78
2024-03-01,2024-9,37667.64
2024-03-08,2024-10,40184.73
2024-03-15,2024-11,42482.99
2024-03-22,2024-12,44251.21
2024-03-29,2024-13,45509.31
2024-04-05,2024-14,45687.63
2024-04-12,2024-15,46387.0
2024-04-19,2024-16,46888.28
2024-04-26,2024-17,46745.81
2024-05-03,2024-18,46712.9
2024-05-10,2024-19,45663.78
2024-05-17,2024-20,45550.58
2024-05-24,2024-21,41064.27
2024-05-31,2024-22,41750.37
2024-06-07,2024-23,42544.92
2024-06-14,2024-24,41677.39
2024-06-21,2024-25,42138.18
2024-06-28,2024-26,42669.04
2024-07-05,2024-27,42242.81
2024-07-12,2024-28,42443.29
2024-07-19,2024-29,42508.96
2024-07-26,2024-30,42182.55
2024-08-02,2024-31,41493.11
2024-08-09,2024-32,33185.1
2024-08-16,2024-33,34210.17
2024-08-23,2024-34,34386.73
2024-08-30,2024-35,34801.11
2024-09-06,2024-36,33875.72
2024-09-13,2024-37,36967.02
2024-09-20,2024-38,44590.25
2024-09-27,2024-39,48140.15
2024-10-04,2024-40,49347.05
2024-10-11,2024-41,50122.28
2024-10-18,2024-42,48917.3
2024-10-25,2024-43,47622.77
2024-11-01,2024-44,46358.94
2024-11-08,2024-45,47180.82
2024-11-15,2024-46,49531.09
2024-11-22,2024-47,49145.44
2024-11-29,2024-48,50140.23
2024-12-06,2024-49,51312.43
2024-12-13,2024-50,50805.28
2024-12-20,2024-51,50976.34
2024-12-27,2024-52,51097.91
2025-01-03,2025-1,50055.29
2025-01-10,2025-2,49779.24
2025-01-17,2025-3,51342.43
2025-01-24,2025-4,50669.88
2025-01-31,2025-5,50104.37
2025-02-07,2025-6,50378.53
2025-02-14,2025-7,51882.17
2025-02-21,2025-8,52049.96
2025-02-28,2025-9,53750.18
2025-03-07,2025-10,55345.0
2025-03-14,2025-11,56516.31
2025-03-21,2025-12,57958.93
2025-03-28,2025-13,61205.64
2025-04-04,2025-14,64267.69
2025-04-11,2025-15,63881.79
2025-04-18,2025-16,65914.95
2025-04-25,2025-17,66697.48
2025-05-02,2025-18,67405.29
2025-05-09,2025-19,70049.31
2025-05-16,2025-20,73098.86
2025-05-23,2025-21,74905.28
2025-05-30,2025-22,77430.8
2025-06-06,2025-23,79653.68
2025-06-13,2025-24,80441.34
2025-06-20,2025-25,80509.38
2025-06-27,2025-26,83203.55
2025-07-04,2025-27,86041.66
2025-07-11,2025-28,87465.65
2025-07-18,2025-29,90443.91
2025-07-25,2025-30,80282.87
2025-08-01,2025-31,85259.7
2025-08-08,2025-32,89331.21
2025-08-15,2025-33,90837.49
2025-08-22,2025-34,74318.18
2025-08-29,2025-35,78500.47
2025-09-05,2025-36,84222.52
2025-09-12,2025-37,72281.45
2025-09-19,2025-38,74130.52
2025-09-26,2025-39,76376.19
2025-10-03,2025-40,65797.89
2025-10-10,2025-41,69339.73
